50,-19
37,-18
27,-6
0,-6
0,40
-10,40
-10,70
0,70
0,120
-10,120

# rulude mh to magian mog
50,-19;37,-18;27,-6;0,-6;0,40;-10,40;-10,70;0,70;0,120;-10,120

0,120;
0,70;-10,70;-10,40;0,40;0,-6;27,-6;37,-18;50,-19

turnMe0,70

port juno mh
horst=mitaru -go -155,-3;-143,-2;-137,-5;-124,0;-053.66,-008.15
mitaru -go -155,-3;-143,-2;-137,-5;-124,0;-053.66,-008.15

# pj to horst
mitaru -go -155,-3;-143,-2;-137,-5;-124,0;-053.66,-008.15

port juno exit: 040.83,006.89
mitaru -go -155,-3;-143,-2;-137,-5;-124,0;040.83,006.89

mitaru -go -155,-3;-143,-2;-137,-5;-124,0;042, 007


# wajaom
mitaru -go -452.4,-444;-422.4,-421.6
mitaru -go -450,-423;-415,-414;-380,-422;-378,-500;-335,-500


b4	tottering toby
99	ph.tottering toby

1cb	ph.drooling daisy
1cc	drooling daisy

mitaru -patrole -680,-460;-711,-478;-730,-470
mitaru -patrole -729,-374;-690,-353;-671,-390;-680,-460;-725,-460;-758,-431;-760,-370;-700,-366 -patroleTarget 1cb




gargantua
[23:48:03] (Monghul) +201.13,-189.81,+000.31 0.119
[23:47:35] (Monghul) +113.58,-178.92,-004.16 -0.336
[23:47:30] (Monghul) +101.28,-182.69,-007.52 0.175
[23:47:21] (Monghul) +072.70,-179.29,-012.92 0.534
[23:47:14] (Monghul) +062.14,-171.60,-018.58 0.897
[23:47:02] (Monghul) +056.15,-162.26,-019.19 -3.104
[23:46:40] (Monghul) +097.72,-163.85,-019.12 2.238
[23:45:53] (Monghul) +171.93,-068.74,-020.01 1.263
[23:45:31] (Monghul) +159.86,-030.86,-019.74 1.615
[23:45:06] (Monghul) +162.00,+017.69,-019.12 0.106
[23:44:35] (Monghul) +103.34,+023.45,-027.33 -0.210
[23:44:08] (Monghul) +067.75,+017.48,-034.98 -1.029
[23:44:01] (Monghul) +061.16,+006.93,-039.28 -2.563
[23:43:51] (Monghul) +082.62,-006.73,-040.14 3.047
[23:43:33] (Monghul) +136.79,-001.56,-040.41 -1.656
[23:43:12] (Monghul) +141.83,-063.34,-040.16 -0.883
[23:42:52] (Monghul) +115.56,-094.74,-040.48 -0.181
[23:42:21] (Monghul) +062.96,-104.17,-040.67 -1.936
[23:42:12] (Monghul) +065.17,-110.51,-039.79 -1.493
[23:41:58] (Monghul) +057.91,-130.09,-040.08 -0.406
[23:41:40] (Monghul) +022.58,-145.07,-040.65 -1.613
[23:41:10] (Monghul) +023.71,-171.59,-040.26 -1.108
[23:40:08] (Monghul) +005.60,-207.41,-039.77 0.151
[23:39:47] (Monghul) -041.13,-200.65,-040.00 0.328
[23:38:49] (Monghul) -061.18,-193.81,-039.28 1.529
[23:37:22] (Monghul) -062.52,-138.26,-048.16 1.180
[23:35:37] (Monghul) -056.78,-100.96,-057.32 1.703